tree
version=v4
num_class=1
num_tree_per_iteration=1
label_index=0
max_feature_idx=6
feature_names=employment_status debt_to_income_ratio credit_score grade_subgrade interest_rate delinquency_history num_of_delinquencies
feature_infos=[0:4] [0.01:0.65000000000000002] [439:850] [0:29] [3.1400000000000001:22.510000000000002] [0:11] [0:11]
tree_sizes=1001 1646 1862 1303 1834 1859 1843 1840 1846 1844 1844 1849 1842 1850 1848 1850 1848 1844 1857 1857 1866 1858 1871 1865 1862 1859 1853 1865 1855 1853 1868 1851 1866 1860 1853 1863 1856 1862 1864 1855 1868 1853

Tree=0
num_leaves=8
num_cat=0
split_feature=1 2 2 1 2 2 1
split_gain=5.60976 2.87414 1.0546 0.743003 0.19066 0.129952 0.0677847
threshold=0.17450000000000002 668.50000000000011 757.50000000000011 0.32350000000000007 619.50000000000011 603.50000000000011 0.079500000000000015
decision_type=2 2 2 2 2 2 2
left_child=1 6 3 4 -2 -5 -1
right_child=2 -3 -4 5 -6 -7 -8
leaf_value=-0.074439395059928526 -0.05309040600772795 -0.086012747049081198 -0.076916982670287778 -0.030995481201002435 -0.063669924904795547 -0.049391686019820774 -0.064857516415621624
leaf_weight=77.553792033344507 64.001698412001133 353.68220233917236 58.27736647054553 11.588764920830725 223.70237689465284 62.563446201384068 150.16731892153621
leaf_count=666 613 2858 493 122 2038 610 1359
internal_value=-0.0717487 -0.079212 -0.0612857 -0.0585992 -0.0614748 -0.046889 -0.0683774
internal_weight=1001.54 581.403 420.134 361.856 287.704 74.1522 227.721
internal_count=8759 4883 3876 3383 2651 732 2025
is_linear=0
shrinkage=0.115064


Tree=1
num_leaves=14
num_cat=0
split_feature=1 2 2 1 2 1 2 1 2 2 2 2 4
split_gain=5.44264 3.08904 0.940353 0.514462 0.341647 0.300648 0.254627 0.08219 0.0484281 0.054165 0.046329 0.0578489 0.0321693
threshold=0.17850000000000002 658.50000000000011 693.50000000000011 0.31950000000000006 698.50000000000011 0.37350000000000005 773.50000000000011 0.079500000000000015 576.50000000000011 688.50000000000011 603.50000000000011 675.50000000000011 14.005000000000001
decision_type=2 2 2 2 2 2 2 2 2 2 2 2 2
left_child=1 7 3 8 -3 6 -4 -1 12 -10 -5 -12 -2
right_child=2 4 5 10 -6 -7 -8 -9 9 -11 11 -13 -14
leaf_value=-0.064549776366534056 -0.02616930238579163 -0.070023076241051946 -0.057738210650580463 -0.025679763901341055 -0.080857724051865587 -0.040827172011571343 -0.073661363290368251 -0.054940670551893438 -0.05251066939518137 -0.033368855519916391 -0.041504234375937248 -0.025203074502678675 -0.044490574931776598
leaf_weight=61.229711018502712 6.8099764287471798 121.50917382538319 111.78763544559479 12.35604779422283 233.84583202749491 16.958885565400124 32.31445224583149 129.05576456338167 144.68940369784832 7.5820353850722304 32.084728412330151 8.7388869449496251 13.445573799312113
leaf_count=570 72 1116 1064 132 2071 171 290 1242 1404 78 323 93 133
internal_value=-0.0632778 -0.0707865 -0.0525568 -0.0472409 -0.0773236 -0.059728 -0.0617075 -0.0582977 -0.0505112 -0.0517423 -0.0360223 -0.0385825 -0.0395949
internal_weight=932.408 545.64 386.768 225.707 355.355 161.061 144.102 190.285 172.527 152.271 53.1797 40.8236 20.2556
internal_count=8759 4999 3760 2235 3187 1525 1354 1812 1687 1482 548 416 205
is_linear=0
shrinkage=0.115064


Tree=2
num_leaves=16
num_cat=0
split_feature=1 2 2 1 2 2 1 2 1 2 1 1 3 4 1
split_gain=5.251 3.31523 1.03222 0.537038 0.241436 0.224702 0.158459 0.140629 0.129743 0.0886621 0.0843141 0.0780103 0.0776587 0.0856755 0.0667844
threshold=0.17450000000000002 679.50000000000011 757.50000000000011 0.37350000000000005 650.50000000000011 601.50000000000011 0.11950000000000001 596.50000000000011 0.28150000000000003 718.50000000000011 0.24250000000000002 0.33950000000000008 18.500000000000004 11.645000000000001 0.24850000000000003
decision_type=2 2 2 2 2 2 2 2 2 2 2 2 2 2 2
left_child=1 4 3 5 6 8 -1 -8 -2 -3 -7 -4 13 -5 -12
right_child=2 9 11 12 -6 10 7 -9 -10 -11 14 -13 -14 -15 -16
leaf_value=-0.053781506945087959 -0.039465647960594215 -0.067254691634394306 -0.065229983529591154 -0.020254011998218181 -0.060263527624386144 -0.04945043281336825 -0.033064690011570239 -0.048273268728093933 -0.022526481564268265 -0.076722521565503243 -0.026742956901159621 -0.04285787852173039 -0.016175660491980846 -0.03736634436696816 -0.043609089332618568
leaf_weight=94.833844944834709 35.180439382791519 103.23360948264599 40.159612134099007 10.063911177217962 76.163922190666199 125.77033764123917 22.166943721473217 39.550371453166008 12.189939573407171 153.33989398181438 8.1758095100522024 9.4843304976820928 8.7321210801601392 15.889214359223841 114.6129227206111
leaf_count=951 361 1031 396 109 759 1266 233 399 131 1510 87 97 96 163 1170
internal_value=-0.0559342 -0.0639029 -0.0455645 -0.0429904 -0.053496 -0.0446467 -0.0499051 -0.0433185 -0.0355664 -0.0731406 -0.0462539 -0.0617256 -0.028151 -0.0315583 -0.0426719
internal_weight=869.547 489.289 380.259 330.615 232.715 295.929 156.551 61.7173 47.3704 256.574 248.559 49.6439 34.6852 25.9531 122.789
internal_count=8759 4883 3876 3383 2342 3015 1583 632 492 2541 2523 493 368 272 1257
is_linear=0
shrinkage=0.115064


Tree=3
num_leaves=11
num_cat=0
split_feature=0 2 0 2 2 2 5 2 2 2
split_gain=90.9445 12.0094 1.88644 1.33539 1.15685 1.04503 0.774111 0.0850905 0.0296344 0.011965
threshold=2.5000000000000004 707.50000000000011 3.5000000000000004 642.50000000000011 730.50000000000011 640.50000000000011 1.5000000000000002 568.50000000000011 685.50000000000011 717.50000000000011
decision_type=2 2 2 2 2 2 2 2 2 2
left_child=3 2 5 7 9 -2 -6 -1 -5 -3
right_child=1 4 -4 8 6 -7 -8 -9 -10 -11
leaf_value=-0.046034249759664317 0.080501027315396614 0.033510827470232811 0.096670066294341592 -0.062422614105761658 -0.032269588235995766 0.02197757776589063 0.0081653021102677473 -0.056386045297231992 -0.068344830439030321 0.018969194015267976
leaf_weight=40.47582096606493 6.9253165870904949 6.8644108772277814 45.679727360606194 174.34973978251219 12.480528973042967 10.323865450918673 11.345631718635557 172.64649506658316 330.98520655930042 6.1823752596974373
leaf_count=421 94 86 624 1805 144 127 138 1774 3528 76
internal_value=-0.0486762 0.0539123 0.0841432 -0.0629723 0.00160736 0.0480735 -0.0133859 -0.054605 -0.0664065 0.0281567
internal_weight=818.259 99.8019 62.9289 718.457 36.8729 17.2492 23.8262 213.122 505.335 13.0468
internal_count=8817 1289 845 7528 444 221 282 2195 5333 162
is_linear=0
shrinkage=0.115064


Tree=4
num_leaves=16
num_cat=0
split_feature=0 1 2 2 1 2 1 2 1 0 1 2 1 4 1
split_gain=67.203 9.74139 9.37553 2.7879 2.67132 1.95646 1.74425 0.866159 0.842252 0.741703 0.745197 0.455771 0.286947 0.135585 0.116837
threshold=2.5000000000000004 0.13350000000000004 664.50000000000011 768.50000000000011 0.18850000000000003 716.50000000000011 0.08950000000000001 642.50000000000011 0.31750000000000006 3.5000000000000004 0.21750000000000003 636.50000000000011 0.46550000000000008 14.885000000000003 0.13050000000000003
decision_type=2 2 2 2 2 2 2 2 2 2 2 2 2 2 2
left_child=4 2 -2 9 7 6 -4 14 11 10 -3 -6 -10 -13 -1
right_child=1 3 5 -5 8 -7 -8 -9 12 -11 -12 13 -14 -15 -16
leaf_value=-0.05742716129018112 0.075801896235189251 0.025419413752056363 -0.042015265080777818 0.0063543702144189329 -0.041498749194176225 -0.067185526052219946 0.037066637994286757 -0.0671320322459905 -0.038697939715903761 0.096276888077013595 0.082622752043785025 -0.056934863903491804 -0.013584937195769958 -0.036720180511602946 -0.045237445620292485
leaf_weight=77.455500438809395 14.223720595240591 6.8101588264107686 7.0455796867609042 6.6686460897326461 56.977120280265808 13.255813457071779 6.1444561630487442 271.61832186579704 62.74288571625948 35.001782830804586 6.6853772476315498 131.87505526840687 7.9428518638014785 10.697113469243048 38.779052965342999
leaf_count=861 202 87 75 81 622 149 78 3251 685 521 96 1473 90 120 426
internal_value=-0.0438542 0.045869 0.00294843 0.0770019 -0.0569614 -0.037342 -0.00516234 -0.0632313 -0.0477976 0.0864478 0.0568811 -0.0517881 -0.0360651 -0.0556379 -0.0537075
internal_weight=753.923 95.8355 40.6696 55.166 658.088 26.4458 13.19 387.853 270.235 48.4973 13.4955 199.549 70.6857 142.572 116.235
internal_count=8817 1289 504 785 7528 302 153 4538 2990 704 183 2215 775 1593 1287
is_linear=0
shrinkage=0.115064


Tree=5
num_leaves=16
num_cat=0
split_feature=1 2 1 1 2 2 2 1 4 1 4 1 4 4 2
split_gain=5.41017 3.46887 0.868198 0.78351 0.528671 0.423999 0.339898 0.476625 0.253374 0.236341 0.216277 0.153206 0.148371 0.412295 0.137503
threshold=0.17850000000000002 680.50000000000011 0.30550000000000005 0.083500000000000019 763.50000000000011 590.50000000000011 723.50000000000011 0.10150000000000002 14.245000000000003 0.23450000000000001 9.9050000000000029 0.46550000000000008 14.335000000000003 16.565000000000001 601.50000000000011
decision_type=2 2 2 2 2 2 2 2 2 2 2 2 2 2 2
left_child=1 3 4 -1 8 12 7 -3 14 -6 -7 -4 -5 -14 -2
right_child=2 6 11 5 9 10 -8 -9 -10 -11 -12 -13 13 -15 -16
leaf_value=-0.048047917593896879 -0.020129433180845435 -0.062784506748411906 -0.019864259182034529 -0.028188634155184127 -0.060379631160527941 -0.01267213484622241 -0.065607793448425711 -0.042866408714995967 -0.022021031406355904 -0.03186214785027517 -0.036882270469346286 -0.0033546980826004761 0.0064295235021667911 -0.029594591228658026 -0.033695722972071768
leaf_weight=68.035052418708801 15.484820939600466 41.153685122728348 78.734795041382313 10.758148003369572 12.821535699069502 6.319977816194295 102.6481991559267 44.03655918687582 49.390140648931265 10.550900906324385 93.064599737524986 8.62138409540057 8.7616891935467702 6.8688539899885646 136.30768438801169
leaf_count=860 184 546 950 133 164 83 1411 594 601 137 1172 103 110 82 1687
internal_value=-0.0396826 -0.0488968 -0.0283091 -0.0377863 -0.0321289 -0.0319587 -0.0601453 -0.0529978 -0.0299733 -0.0490299 -0.0354596 -0.0182815 -0.0180992 -0.0100907 -0.032428
internal_weight=693.558 381.647 311.911 193.808 224.555 125.773 187.838 85.1902 201.183 23.3724 99.3846 87.3562 26.3887 15.6305 151.793
internal_count=8817 4991 3826 2440 2773 1580 2551 1140 2472 301 1255 1053 325 192 1871
is_linear=0
shrinkage=0.115064


Tree=6
num_leaves=16
num_cat=0
split_feature=0 1 2 2 1 2 1 2 1 0 4 2 2 1 1
split_gain=52.7974 7.62971 8.04661 2.12556 1.70505 2.64442 1.38942 0.90514 0.751108 0.740867 0.37993 0.342065 0.24811 0.197025 0.121148
threshold=2.5000000000000004 0.15550000000000003 664.50000000000011 685.50000000000011 0.07350000000000001 723.50000000000011 0.17250000000000001 760.50000000000011 0.25750000000000006 3.5000000000000004 15.535000000000002 588.50000000000011 637.50000000000011 0.32950000000000007 0.34850000000000003
decision_type=2 2 2 2 2 2 2 2 2 2 2 2 2 2 2
left_child=3 2 9 6 -4 -6 11 -3 -5 -2 13 -1 -12 -8 -15
right_child=1 7 4 8 5 -7 10 -9 -10 -11 12 -13 -14 14 -16
leaf_value=-0.036354571264087331 0.030304857859309559 0.085829425417367849 -0.060747568254558799 -0.060168614865469698 0.034737945106980278 -0.047393618182584127 -0.039011756192753287 0.029996221778518416 -0.043633549145312554 0.088527963736467263 -0.026276193028918631 -0.052256445953080981 -0.00072977208821837657 -0.011187481336286709 -0.030517736573914007
leaf_weight=31.274922877550125 5.2565391734242448 38.809774242341518 9.9156752228736895 191.81095383316278 10.406911730766298 8.8300911635160428 99.323825038969517 5.5436333268880835 59.491127863526344 12.101791262626648 20.82698538899422 131.22898736596107 6.6205512881278983 6.9335075393319157 21.790010392665863
leaf_count=387 68 607 126 2830 134 121 1208 71 733 189 242 1744 80 81 247
internal_value=-0.0353207 0.0458239 0.0128606 -0.0483195 -0.0240127 -0.00336002 -0.0417969 0.0795255 -0.0564097 0.0730694 -0.0336377 -0.0493949 -0.0203151 -0.0363453 -0.0262939
internal_weight=660.165 90.8644 46.511 569.301 29.1527 19.237 317.999 44.3534 251.302 17.3583 155.495 162.504 27.4475 128.047 28.7235
internal_count=8868 1316 638 7552 381 255 3989 678 3563 257 1858 2131 322 1536 328
is_linear=0
shrinkage=0.115064


Tree=7
num_leaves=16
num_cat=0
split_feature=0 1 2 2 1 2 1 1 4 0 1 2 1 2 1
split_gain=39.0567 5.75623 6.62533 2.2344 1.59073 2.29159 1.50503 0.792217 0.57737 0.556769 0.51886 0.45043 0.260482 0.307999 0.24513
threshold=2.5000000000000004 0.17650000000000002 664.50000000000011 698.50000000000011 0.07350000000000001 736.50000000000011 0.13050000000000003 0.26050000000000006 14.065000000000003 3.5000000000000004 0.11650000000000002 552.50000000000011 0.31750000000000006 638.50000000000011 0.21750000000000003
decision_type=2 2 2 2 2 2 2 2 2 2 2 2 2 2 2
left_child=3 2 9 6 -4 10 11 -5 12 -2 -6 -1 13 -8 -3
right_child=1 14 4 7 5 -7 8 -9 -10 -11 -12 -13 -14 -15 -16
leaf_value=-0.020294506461057016 0.031970360859150372 0.052050984108681912 -0.056704465463824155 -0.058110411374680329 0.0034955442816116261 -0.046942391914730069 -0.029699457450526837 -0.038697743018255855 -0.023298630165390844 0.081741414861779507 0.047216746950633139 -0.05029106610556322 -0.024435342764824609 -0.043661648613742034 0.083343583525290033
leaf_weight=8.6658398136496526 5.8646454885602006 10.775862477719782 8.9211107380688208 143.82476579397917 6.8763241693377513 8.0647866353392583 42.342627964913845 43.840470843017101 77.068801142275333 12.415533404797316 7.0448182821273804 111.00045469403267 26.313979148864746 72.944593854248524 24.661037214100361
leaf_count=114 78 169 126 2400 88 117 535 578 962 216 95 1642 311 1010 427
internal_value=-0.0318566 0.0404045 0.0144902 -0.0435272 -0.0180077 -0.000824343 -0.037732 -0.0537645 -0.0318042 0.067842 0.0270232 -0.0482725 -0.0362718 -0.0387808 0.0752273
internal_weight=610.626 84.6241 49.1872 526.002 30.907 21.9859 338.336 187.665 218.67 18.2802 13.9211 119.666 141.601 115.287 35.4369
internal_count=8868 1316 720 7552 426 300 4574 2978 2818 294 183 1756 1856 1545 596
is_linear=0
shrinkage=0.115064


Tree=8
num_leaves=16
num_cat=0
split_feature=0 1 3 1 3 1 0 3 3 3 1 3 4 4 1
split_gain=29.0062 4.51223 4.54539 2.24246 1.06475 1.57584 0.960593 0.942945 0.932263 0.72374 0.352629 0.275534 0.243219 0.231185 0.182235
threshold=2.5000000000000004 0.15550000000000003 14.500000000000002 0.17150000000000001 9.5000000000000018 0.075500000000000012 3.5000000000000004 14.500000000000002 8.5000000000000018 15.500000000000002 0.37750000000000006 21.500000000000004 14.555000000000001 15.765000000000002 0.27950000000000008
decision_type=2 2 2 2 2 2 2 2 2 2 2 2 2 2 2
left_child=3 2 4 7 -2 -6 -4 -1 -3 10 12 -9 -5 -11 -15
right_child=1 8 6 9 5 -7 -8 11 -10 13 -12 -13 -14 14 -16
leaf_value=-0.054306416613900295 -0.054532890064356722 0.024351055801084685 0.014702022503977223 -0.040306443191658714 -0.048732528923359386 0.020483386193402866 0.075323040707575131 -0.043097363605727614 0.073136724979396855 -0.026177221916573894 -0.019165221254835725 -0.029243036763688939 -0.020267160330067965 -0.020151943872955266 0.0019000144561706091
leaf_weight=124.86967647075653 7.7558330595493343 7.5247694440186015 5.7137756198644647 116.53216437250376 5.9921395480632809 11.263426024466751 10.308048646897078 77.793402127921581 30.258401192724705 84.720935840159655 16.365401722490788 36.815001849085093 11.3954561650753 11.945696920156481 7.8987702578306189
leaf_count=2394 132 104 74 1744 87 148 197 1198 574 1098 205 516 153 149 95
internal_value=-0.028599 0.0358956 0.00913005 -0.0390512 -0.0213843 -0.00467826 0.0554811 -0.047086 0.064148 -0.0311893 -0.0365726 -0.0388876 -0.0386626 -0.0235327 -0.0116488
internal_weight=567.153 78.8164 41.0332 488.337 25.0114 17.2556 16.0218 239.478 37.7832 248.858 144.293 114.608 127.928 104.565 19.8445
internal_count=8868 1316 638 7552 367 235 271 4108 678 3444 2102 1714 1897 1342 244
is_linear=0
shrinkage=0.115064


Tree=9
num_leaves=16
num_cat=0
split_feature=0 2 1 2 0 1 1 1 0 0 2 1 1 2 2
split_gain=23.4831 2.64113 3.45035 2.57948 2.77138 1.55844 1.48096 1.18321 0.487179 1.22468 0.480888 0.422972 0.417878 0.308213 0.296874
threshold=3.5000000000000004 709.50000000000011 0.14550000000000002 704.50000000000011 2.5000000000000004 0.17450000000000002 0.22350000000000003 0.097500000000000017 1.0000000180025095e-35 1.5000000000000002 755.50000000000011 0.39450000000000007 0.37350000000000005 754.50000000000011 549.50000000000011
decision_type=2 2 2 2 2 2 2 2 2 2 2 2 2 2 2
left_child=3 -2 -3 4 7 -6 -5 14 12 -10 -4 13 -9 -8 -1
right_child=1 2 10 6 5 -7 11 8 9 -11 -12 -13 -14 -15 -16
leaf_value=-0.01210497776540658 0.070789451432815093 -0.037972249691433493 0.077250809111670413 -0.055024249823336584 -0.0070275349294038093 0.06809511387683162 -0.025164372599257249 -0.024947064163186438 -0.061608877522882972 -0.02439415738319382 0.022820462720316334 -0.0021737057271285737 -0.0045697530032323564 -0.046833697128018825 -0.045932988985107288
leaf_weight=4.3730128407478324 29.568170581012964 8.35810135304928 5.9693749621510488 96.19982335716486 9.969388645142315 4.8301003277301779 27.996289547532797 173.72833504527807 16.842413384467363 41.477843504399061 4.5332665033638477 6.5370476208627215 14.874242678284643 16.088012855499983 63.286891050636768
leaf_count=63 614 143 109 2022 127 99 427 2560 253 603 62 88 183 270 1153
internal_value=-0.0260104 0.0497401 0.0151586 -0.0337867 -0.0279982 0.019789 -0.0465439 -0.0302922 -0.0264248 -0.0358502 0.057127 -0.0298046 -0.0233669 -0.0337867 -0.0439186
internal_weight=524.632 48.4289 18.8607 476.203 329.382 14.7995 146.821 314.583 246.923 58.3203 10.5026 50.6214 188.603 44.0843 67.6599
internal_count=8776 928 314 7848 5041 226 2807 4815 3599 856 171 785 2743 697 1216
is_linear=0
shrinkage=0.115064


Tree=10
num_leaves=16
num_cat=0
split_feature=0 2 2 1 0 1 2 1 1 2 2 0 0 1 2
split_gain=17.5054 2.40445 2.11819 3.362 2.07147 1.51759 1.44807 1.25645 1.09142 0.462768 0.401973 0.390986 1.12954 0.29549 0.244906
threshold=3.5000000000000004 704.50000000000011 698.50000000000011 0.10850000000000001 2.5000000000000004 0.21250000000000002 773.50000000000011 0.17450000000000002 0.10750000000000001 545.50000000000011 763.50000000000011 1.0000000180025095e-35 1.5000000000000002 0.37750000000000006 610.50000000000011
decision_type=2 2 2 2 2 2 2 2 2 2 2 2 2 2 2
left_child=1 4 -2 -4 8 -3 -5 -6 9 -1 -7 13 -13 -10 -14
right_child=2 5 3 6 7 10 -8 -9 11 -11 -12 12 14 -15 -16
leaf_value=-0.0038073636972062309 0.068158976413243352 -0.052976905630298707 -0.048288349945627605 0.068408510059372651 -0.0058423642893852649 -0.019814205649953807 -0.0097084596342727064 0.06366735143430137 -0.020927961442383548 -0.041312995783432151 -0.042442838805625799 -0.058243115856564318 -0.0049803410518194421 -0.0031551894068124211 -0.025799293201381565
leaf_weight=4.8424158692359915 23.617398917675018 80.721189230680466 6.3818986825644997 10.505543768405913 9.9465944692492467 37.012602288275957 4.089112937450408 4.3456341847777358 160.47309160232544 67.15727237612009 15.82351805642247 14.235043834894894 10.742583766579626 13.763247981667517 27.867077518254519
leaf_count=70 552 1936 113 206 127 586 57 99 2433 1326 285 238 144 170 434
internal_value=-0.023137 -0.0300092 0.0450325 0.0174021 -0.024381 -0.0429844 0.0471728 0.0176115 -0.0264306 -0.0388622 -0.0271389 -0.0223627 -0.0312084 -0.0195455 -0.0202319
internal_weight=491.524 446.93 44.594 20.9766 313.373 133.557 14.5947 14.2922 299.081 71.9997 52.8361 227.081 52.8447 174.236 38.6097
internal_count=8776 7848 928 376 5041 2807 263 226 4815 1396 871 3419 816 2603 578
is_linear=0
shrinkage=0.115064


Tree=11
num_leaves=16
num_cat=0
split_feature=0 2 1 2 0 1 1 1 1 3 1 1 0 0 1
split_gain=13.0637 2.12079 2.40525 1.94578 1.28291 1.27441 1.25384 0.955195 0.857984 0.719156 0.488609 0.412511 0.313847 1.12825 0.264421
threshold=2.5000000000000004 716.50000000000011 0.23650000000000002 722.50000000000011 3.5000000000000004 0.13050000000000003 0.15550000000000003 0.28150000000000003 0.079500000000000015 22.500000000000004 0.11650000000000002 0.46550000000000008 1.0000000180025095e-35 1.5000000000000002 0.097500000000000017
decision_type=2 2 2 2 2 2 2 2 2 2 2 2 2 2 2
left_child=3 4 10 5 6 9 -2 -5 -6 -1 -3 12 -7 -14 -11
right_child=1 2 -4 7 8 11 -8 -9 -10 14 -12 -13 13 -15 -16
leaf_value=-0.039315266814863553 -0.0099839893689102274 -0.050841346835411416 0.056854050848461041 -0.050098442523888169 0.012692262536400168 -0.016861087830141314 0.055375050982486192 -0.019749944983168181 0.067680959738608645 -0.023811596077027684 -0.0085695231186488051 0.013126654980873592 -0.056572290374348973 -0.016787543362026938 0.0036331221214428856
leaf_weight=80.794598206877708 9.7133953310549241 5.5954942628741291 5.6920347511768332 66.37934472411871 5.041813530027869 161.63046678900719 5.4382146149873725 19.17407076433301 21.481833340600133 11.282549366354944 9.268110938370226 4.7251080200076094 12.500507801771162 36.650963682681322 7.2290531806647769
leaf_count=1776 124 121 105 1746 90 2511 123 310 568 195 139 58 233 569 108
internal_value=-0.0204901 0.028282 -0.00198308 -0.0281135 0.0429587 -0.0238157 0.0151212 -0.0435501 0.0579258 -0.0346337 -0.026318 -0.0187178 -0.01948 -0.027672 -0.013396
internal_weight=462.598 62.2309 20.5556 400.367 41.6753 314.813 15.1516 85.5534 26.5236 99.3062 14.8636 215.507 210.782 49.1515 18.5116
internal_count=8776 1270 365 7506 905 5450 247 2056 658 2079 260 3371 3313 802 303
is_linear=0
shrinkage=0.115064


Tree=12
num_leaves=16
num_cat=0
split_feature=0 1 2 1 0 2 2 0 2 1 2 1 2 0 0
split_gain=9.93717 2.66711 2.0942 1.54829 1.54775 1.5232 1.24925 1.14746 0.495455 0.429317 0.423368 0.39026 0.318231 0.27004 0.150125
threshold=3.5000000000000004 0.23450000000000001 660.50000000000011 0.087500000000000008 2.5000000000000004 768.50000000000011 687.50000000000011 2.5000000000000004 723.50000000000011 0.08950000000000001 588.50000000000011 0.16450000000000004 754.50000000000011 1.5000000000000002 1.5000000000000002
decision_type=2 2 2 2 2 2 2 2 2 2 2 2 2 2 2
left_child=1 2 7 6 12 -5 -2 10 9 -4 13 -12 14 -1 -3
right_child=3 4 8 5 -6 -7 -8 -9 -10 -11 11 -13 -14 -15 -16
leaf_value=-0.01569045286207103 0.036331914092164491 -0.012965292168327898 -0.048908504982309579 0.059952154376907596 0.049711494748819557 -0.012464256881461248 -0.046660432028505311 0.029265654479630795 -0.04994062060449133 -0.029142763423152487 -0.03271727842112547 -0.015953542486169998 -0.029756840493545145 0.010285055011194272 -0.0016950009074957605
leaf_weight=28.691448830068111 3.852507058531045 91.330864768475294 22.129503324627876 24.883159535005692 4.6010429821908465 4.2227760627865782 4.1339551173150539 5.3133172392845145 52.888268895447254 65.376858649775386 53.276425179094076 32.045708063989878 13.168954852968453 5.8558943085372439 19.174655560404062
leaf_count=443 79 1372 598 683 108 65 83 80 1596 1359 1066 504 260 87 281
internal_value=-0.0189965 -0.0243717 -0.0309441 0.037368 -0.0106539 0.0493919 -0.00697291 -0.0199132 -0.0406061 -0.034551 -0.0222781 -0.0266339 -0.0132139 -0.0111505 -0.0110367
internal_weight=430.945 393.853 265.577 37.0924 128.276 29.1059 7.98646 125.183 140.395 87.5064 119.869 85.3221 123.674 34.5473 110.506
internal_count=8664 7754 5733 910 2021 748 162 2180 3553 1957 2100 1570 1913 530 1653
is_linear=0
shrinkage=0.115064


Tree=13
num_leaves=16
num_cat=0
split_feature=0 1 2 1 2 2 0 0 0 2 1 6 0 1 3
split_gain=7.33421 2.19143 1.91189 1.227 1.50899 1.11302 0.663824 0.884876 0.672355 0.592511 0.504768 0.321651 0.306666 0.306214 0.29455
threshold=3.5000000000000004 0.23450000000000001 694.50000000000011 0.11950000000000001 685.50000000000011 778.50000000000011 1.5000000000000002 1.0000000180025095e-35 2.5000000000000004 582.50000000000011 0.079500000000000015 1.5000000000000002 2.5000000000000004 0.16650000000000004 17.500000000000004
decision_type=2 2 2 2 2 2 2 2 2 2 2 2 2 2 2
left_child=1 2 9 4 -2 -5 7 11 -8 -1 -11 -3 14 -4 -12
right_child=3 6 13 5 -6 -7 8 -9 -10 10 12 -13 -14 -15 -16
leaf_value=-0.0057381532201025778 0.047515548408890176 0.003057571469727024 -0.047873096284128884 0.059910216200250568 -0.028437240065792589 -0.010532688381294323 -0.0014862032220800945 -0.050407818745089018 0.04499405653743991 -0.037622399362461943 -0.016215155901151461 -0.013331008227826574 0.0036354406671510187 -0.030377332828294398 -0.029176859237122821
leaf_weight=30.129339199513197 5.2358173225074989 19.80608393996954 52.618119077757001 18.690079890191559 7.2714780326932669 3.2382624931633464 20.852473679929975 6.9834397174417964 4.2961299680173388 27.979918573051691 63.922996459528804 73.566881015896797 6.6204779092222443 26.399584470316768 41.128455262631178
leaf_count=470 134 314 1792 587 144 45 315 140 108 712 1267 1144 93 655 744
internal_value=-0.016685 -0.021373 -0.027616 0.0335805 0.00433006 0.0495029 -0.0088976 -0.0130677 0.00762983 -0.020563 -0.023709 -0.00985836 -0.0199728 -0.0424017 -0.0214774
internal_weight=408.74 374.304 248.799 34.4356 12.5073 21.9283 125.505 100.356 25.1486 169.781 139.652 93.373 111.672 79.0177 105.051
internal_count=8664 7754 5733 910 278 632 2021 1598 423 3286 2816 1458 2104 2447 2011
is_linear=0
shrinkage=0.115064


Tree=14
num_leaves=16
num_cat=0
split_feature=0 1 2 2 1 1 2 0 2 1 2 1 0 1 2
split_gain=5.46631 1.8615 1.68917 1.12853 1.38897 1.20013 0.62224 0.61574 0.54854 0.36538 0.365292 0.259207 0.253543 0.2049 0.203931
threshold=3.5000000000000004 0.17650000000000002 623.50000000000011 709.50000000000011 0.16850000000000004 0.059500000000000004 757.50000000000011 2.5000000000000004 698.50000000000011 0.31750000000000006 742.50000000000011 0.061500000000000006 1.5000000000000002 0.14950000000000002 588.50000000000011
decision_type=2 2 2 2 2 2 2 2 2 2 2 2 2 2 2
left_child=1 2 12 5 10 -2 7 -3 11 -8 -5 -4 13 -1 -14
right_child=3 6 8 4 -6 -7 9 -9 -10 -11 -12 -13 14 -15 -16
leaf_value=-0.018014047771653476 -0.015372899011498051 -0.010002878565059438 -0.043067389613724333 0.0013252753739728242 0.045115329167775983 0.061432684985363056 -0.041829911052681495 0.026762452065262159 -0.045074652460799634 -0.0065760737628289259 -0.045081982437090398 -0.023953414091949298 0.019440182684498739 0.0032188940751557804 -0.0095003257158770647
leaf_weight=29.820550210773945 2.8947178795933786 169.73354545049369 13.003869632259009 3.992996368557213 5.8007117994129649 15.076349966228006 12.050213702023031 5.4778016880154601 46.668279306963086 6.0829593390226355 4.1767242811620235 56.499422950670123 5.7107872068881971 7.2063044086098662 5.6428425386548042
leaf_count=583 54 2813 382 75 131 559 332 135 1798 110 91 1287 88 117 109
internal_value=-0.0145697 -0.0186532 -0.0276335 0.0305033 0.00539504 0.0489295 -0.0109254 -0.00873353 -0.0351238 -0.0308037 -0.0243573 -0.0279924 -0.00936058 -0.0139015 0.00538703
internal_weight=389.838 357.897 164.552 31.9415 13.9704 17.9711 193.345 175.211 116.172 18.1332 8.16972 69.5033 48.3805 37.0269 11.3536
internal_count=8664 7754 4364 910 297 613 3390 2948 3467 442 166 1669 897 700 197
is_linear=0
shrinkage=0.115064


Tree=15
num_leaves=16
num_cat=0
split_feature=0 2 2 0 2 0 0 2 2 2 3 2 5 2 2
split_gain=3.74934 1.18034 0.945797 0.726717 0.692019 0.519186 1.13545 0.34955 0.278486 0.195828 0.308516 0.197556 0.404065 0.316254 0.26627
threshold=3.5000000000000004 694.50000000000011 680.50000000000011 2.5000000000000004 640.50000000000011 1.0000000180025095e-35 1.5000000000000002 759.50000000000011 782.50000000000011 541.50000000000011 27.500000000000004 655.50000000000011 4.5000000000000009 648.50000000000011 643.50000000000011
decision_type=2 2 2 2 2 2 2 2 2 2 2 2 2 2 2
left_child=1 3 -2 5 -5 9 -7 -3 -4 -1 11 13 -13 14 -11
right_child=2 7 8 4 -6 6 -8 -9 -10 10 -12 12 -14 -15 -16
leaf_value=0.0063400228594735373 0.051496060098976525 -0.019823182302960311 0.016848444961145327 0.047299234973098521 -0.0073782967659654902 -0.050747173228597946 -0.01115600286879518 -0.035098328093613719 -0.01582852403173117 -0.0049216122551752756 -0.029010124787643594 -0.015689737488142862 0.017032940183006363 0.01342935663126813 -0.027399362537786933
leaf_weight=11.087026514112948 11.650491091422735 82.908120648935437 16.805350024253134 4.8604324609041196 6.2398234587162733 12.202145723626016 39.13349244184792 28.743448147550225 3.6020072177052489 83.147939234972 8.9871089719235879 56.626665124669671 4.8007713779807082 10.668773483484982 6.8764374405145636
leaf_count=162 475 2287 422 98 106 301 718 1006 66 1471 145 1217 83 199 138
internal_value=-0.0107999 -0.0142039 0.026439 -0.0096746 0.0181776 -0.0110578 -0.0212197 -0.023984 0.0106902 -0.00811182 -0.00907414 -0.00782785 -0.0129407 -0.00462904 -0.00687155
internal_weight=388.34 356.282 32.0578 244.631 11.1003 233.53 51.3356 111.652 20.4074 182.195 171.108 162.121 61.4274 100.693 90.0244
internal_count=8894 7931 963 4638 204 4434 1019 3293 488 3415 3253 3108 1300 1808 1609
is_linear=0
shrinkage=0.115064


Tree=16
num_leaves=16
num_cat=0
split_feature=0 2 3 0 0 0 4 5 4 4 4 2 2 2 2
split_gain=2.75155 1.38599 0.765272 0.563652 1.24569 0.380331 0.258353 0.594974 0.364706 0.229656 0.218665 0.199979 0.198526 0.193184 0.182348
threshold=2.5000000000000004 680.50000000000011 10.500000000000002 1.0000000180025095e-35 1.5000000000000002 3.5000000000000004 13.645000000000001 3.5000000000000004 11.905000000000003 10.875000000000002 9.3150000000000031 782.50000000000011 684.50000000000011 570.50000000000011 526.50000000000011
decision_type=2 2 2 2 2 2 2 2 2 2 2 2 2 2 2
left_child=2 -2 -1 6 -5 -3 7 10 9 -9 12 -7 -4 -6 -8
right_child=1 5 3 4 13 11 14 8 -10 -11 -12 -13 -14 -15 -16
leaf_value=-0.024694184731184256 0.038687018082831585 -0.017858447464106825 0.022689447454215757 -0.049636170064990111 0.0083013292085010407 0.014096708639470006 0.016124794808967988 0.0049694176696639773 -0.0084091569266121977 0.038260808501576558 -0.016233771876685239 -0.013737409339071423 -0.012289243486415889 -0.0134318999083341 -0.0041019354951055001
leaf_weight=60.615264104679227 19.85405383259058 9.7304700333625096 3.2080758251249781 13.69240904971957 5.6838085129857054 16.752299284562472 5.546819530427455 6.3373815845698136 10.954239310696719 4.4370948597788811 90.89359737932682 3.5436018574982873 3.8273004367947578 39.735456626862288 81.892591245472431
leaf_count=2026 656 178 60 401 79 422 79 122 211 81 2034 66 107 837 1535
internal_value=-0.00922467 0.015763 -0.0130684 -0.0103532 -0.0202102 -2.33831e-05 -0.00747073 -0.0109291 0.006112 0.0204239 -0.0147296 0.00889051 0.00436749 -0.0106127 -0.00268024
internal_weight=376.704 49.8804 326.824 266.209 59.1117 30.0264 207.097 119.658 21.7287 10.7745 97.929 20.2959 7.03538 45.4193 87.4394
internal_count=8894 1322 7572 5546 1317 666 4229 2615 414 203 2201 488 167 916 1614
is_linear=0
shrinkage=0.115064


Tree=17
num_leaves=16
num_cat=0
split_feature=0 1 1 2 2 1 2 1 2 4 1 2 0 0 1
split_gain=2.04839 1.6472 1.50014 1.75386 0.874843 0.952725 0.676123 0.473277 0.380294 0.3672 0.282149 0.328584 0.197615 0.23245 0.244063
threshold=3.5000000000000004 0.091500000000000012 0.16550000000000004 674.50000000000011 735.50000000000011 0.18550000000000003 684.50000000000011 0.38450000000000006 780.50000000000011 11.615 0.10250000000000001 736.50000000000011 2.5000000000000004 1.0000000180025095e-35 0.052500000000000005
decision_type=2 2 2 2 2 2 2 2 2 2 2 2 2 2 2
left_child=2 6 3 12 -3 -6 -2 8 -4 -10 -5 -12 13 14 -1
right_child=1 4 7 10 5 -7 -8 -9 9 -11 11 -13 -14 -15 -16
leaf_value=-0.023717452193364658 0.017404805027452487 0.056102808182932187 -0.0048585266840315876 -0.045330236267677342 -0.027446734088370766 0.044747136154302404 -0.041828057036774009 0.011254260490576987 -0.043079035596537758 0.0096661552098367201 -0.017222276427631866 -0.045970305588948775 0.0098606586595571463 -0.022778271403831925 -0.0041634774273614367
leaf_weight=9.3892072401940805 3.6537468917667884 12.661972062662246 169.94172025099397 25.194774365052581 4.2997934557497484 3.7907367907464504 5.5371695272624493 22.84943133033812 5.7479905132204285 2.0229764375835657 19.37240308709443 7.5927871633321038 5.9991865307092658 16.284916657954454 52.355320619419217
leaf_count=263 92 601 3212 1197 79 80 111 337 206 56 640 412 83 392 1133
internal_value=-0.0078494 0.0206169 -0.0104247 -0.0197083 0.0381189 0.0073887 -0.0187862 -0.00406603 -0.0060787 -0.0297379 -0.0361279 -0.0264404 -0.00926405 -0.0108221 -0.00741021
internal_weight=366.694 29.9434 336.751 136.189 20.7525 8.09053 9.19092 200.562 177.713 7.77097 52.16 26.9652 84.0286 78.0294 61.7445
internal_count=8894 963 7931 4120 760 159 203 3811 3474 262 2249 1052 1871 1788 1396
is_linear=0
shrinkage=0.115064


Tree=18
num_leaves=16
num_cat=0
split_feature=0 2 1 1 2 4 1 1 0 3 1 4 1 2 4
split_gain=2.0467 1.34012 1.57887 0.982883 0.735128 0.639762 0.763868 0.635786 0.498295 0.336006 0.327657 0.319366 0.495208 0.258976 0.245858
threshold=3.5000000000000004 643.50000000000011 0.13750000000000004 0.077500000000000013 721.50000000000011 15.635000000000003 0.26350000000000007 0.16950000000000004 2.5000000000000004 11.500000000000002 0.083500000000000019 13.915000000000001 0.20450000000000002 702.50000000000011 17.380000000000006
decision_type=2 2 2 2 2 2 2 2 2 2 2 2 2 2 2
left_child=1 8 13 -2 -5 6 9 -6 10 -4 -1 -11 -13 -3 -12
right_child=3 2 5 4 7 -7 -8 -9 -10 11 14 12 -14 -15 -16
leaf_value=-0.017732995450867678 -0.018956494399563855 -0.025933267100817316 -0.029512153582932323 0.052467802713185289 -0.020424536030883796 0.019866778118966751 -0.0021590081404808327 0.03616964010620085 0.03257590623175749 -0.017994176882247439 0.00069020830626918296 0.026659952257259985 -0.024440163300124471 -0.043821094114275781 -0.018087286219520719
leaf_weight=17.436704706400633 5.4432548545300987 33.426082763820887 29.429487435147166 11.15056424867362 4.5601357184350473 7.9280097037553778 55.573988243937492 4.3679397385567427 4.4670864194631568 36.590539725497365 98.753249267116189 5.261617271229623 3.4802177399396896 21.637348473072052 9.3541771620511991
leaf_count=450 129 1071 983 597 89 135 1003 101 96 872 1691 113 68 1233 146
internal_value=-0.0086048 -0.011094 -0.0171487 0.0222919 0.0337808 -0.0104749 -0.0124338 0.00798021 -0.00203937 -0.0199647 -0.00347548 -0.0133502 0.00596349 -0.0335049 -0.0010591
internal_weight=348.86 323.339 193.327 25.5219 20.0786 138.264 130.336 8.92808 130.011 74.7619 125.544 45.3324 8.74184 55.0634 108.107
internal_count=8777 7861 5478 916 787 3174 3039 190 2383 2036 2287 1053 181 2304 1837
is_linear=0
shrinkage=0.115064


Tree=19
num_leaves=16
num_cat=0
split_feature=0 1 2 1 2 2 2 1 4 1 2 2 0 4 0
split_gain=1.53181 1.08062 0.929176 0.808003 0.715389 0.69892 0.56918 0.557991 0.671172 0.368714 0.362348 0.317907 0.311394 0.302747 0.302326
threshold=3.5000000000000004 0.11050000000000001 693.50000000000011 0.11750000000000001 698.50000000000011 771.50000000000011 643.50000000000011 0.26350000000000007 16.055000000000003 0.065500000000000017 762.50000000000011 652.50000000000011 1.5000000000000002 8.1850000000000005 1.0000000180025095e-35
decision_type=2 2 2 2 2 2 2 2 2 2 2 2 2 2 2
left_child=1 2 -1 4 9 -5 12 8 10 -2 13 -9 14 -8 -3
right_child=3 6 -4 5 -6 -7 7 11 -10 -11 -12 -13 -14 -15 -16
leaf_value=-0.01428208281195293 -0.0073039794527014644 -0.00050615262662750938 -0.04589055022152308 0.050899444274480336 -0.034722832421071471 -0.0065034179555375684 0.020686531920927086 -0.025588182694356875 0.028823140488529513 0.047880185709827279 -0.039791079561881229 0.0011222914450346587 0.014141216960539117 -0.01672679058304127 -0.028693960072684089
leaf_weight=49.029430055990815 2.6696125883609074 77.567768387496471 16.271999907679856 10.606833927333353 4.6597357522696257 3.494632262736558 2.3001676285639396 5.7983823772519818 3.4890221860259762 2.584308922290802 8.7443234734237176 53.522773057222366 17.747185024432838 75.940509958192706 4.5659158676862708
leaf_count=1397 56 1246 1047 586 112 54 64 95 67 108 466 966 315 2073 125
internal_value=-0.00739093 -0.00953944 -0.0226322 0.02017 -0.00491127 0.0371003 -0.0060519 -0.0105185 -0.0161648 0.0226519 -0.0182229 -0.00180341 0.00067802 -0.0154227 -0.00234266
internal_weight=338.993 314.977 65.3014 24.0151 9.91366 14.1015 249.676 149.795 90.474 5.25392 86.985 59.3212 99.8809 78.2407 82.1337
internal_count=8777 7861 2444 916 276 640 5417 3731 2670 164 2603 1061 1686 2137 1371
is_linear=0
shrinkage=0.115064


Tree=20
num_leaves=16
num_cat=0
split_feature=0 1 2 1 2 1 2 0 2 0 1 2 2 2 6
split_gain=1.15381 1.10413 1.1075 0.770233 0.764619 0.462066 0.68619 0.653168 0.384015 0.324504 0.307738 0.425228 0.303518 0.348332 0.423249
threshold=2.5000000000000004 0.21350000000000002 649.50000000000011 0.11050000000000001 637.50000000000011 0.077500000000000013 752.50000000000011 3.5000000000000004 590.50000000000011 1.0000000180025095e-35 0.26350000000000007 762.50000000000011 600.50000000000011 650.50000000000011 2.5000000000000004
decision_type=2 2 2 2 2 2 2 2 2 2 2 2 2 2 2
left_child=3 2 -2 4 9 -4 7 -7 -5 -1 11 12 -10 -14 -15
right_child=1 -3 5 8 -6 6 -8 -9 10 -11 -12 -13 13 14 -16
leaf_value=0.002017375098287737 0.037870485729843924 0.04486538670781276 -0.037814913760040696 0.0047718226830457088 -0.032305395246979778 -0.013708076175673239 -0.039578783068935849 0.034125351036245082 -0.033825550441269107 -0.028603085444945938 -0.0021399361654576904 -0.037778703446441741 6.3470722739212255e-05 -0.0048208064220066332 -0.023280349739505046
leaf_weight=19.195433929562572 7.2151042735204127 9.2768979752436262 5.6261849878355887 37.033554537221789 32.006197246722877 6.8028941135853547 3.9276108695194116 6.826911985874176 5.7441511005163184 5.1567885372787705 76.117571499198675 6.9094987781718364 42.284493891522288 36.782868241891265 29.753787933848798
leaf_count=465 285 421 132 555 1729 95 92 235 109 143 1298 444 806 1102 866
internal_value=-0.0063287 0.0119061 0.000928964 -0.00884162 -0.020833 -0.0114732 -0.00171512 0.0108305 -0.00589837 -0.00519087 -0.00790974 -0.0114864 -0.00964216 -0.00812097 -0.0132594
internal_weight=330.66 39.6756 30.3987 290.984 56.3584 23.1836 17.5574 13.6298 234.626 24.3522 197.592 121.475 114.565 108.821 66.5367
internal_count=8777 1260 839 7517 2337 554 422 330 5180 608 4625 3327 2883 2774 1968
is_linear=0
shrinkage=0.115064


Tree=21
num_leaves=16
num_cat=0
split_feature=1 2 0 3 4 2 1 0 0 4 1 1 4 2 5
split_gain=1.04291 1.3686 1.04814 0.454689 0.321692 0.411147 0.29349 0.387685 0.479812 0.339353 0.313401 0.226549 0.184967 0.221579 0.233349
threshold=0.11950000000000001 708.50000000000011 3.5000000000000004 5.5000000000000009 9.0550000000000015 674.50000000000011 0.024500000000000004 3.5000000000000004 1.0000000180025095e-35 11.525 0.065500000000000017 0.33150000000000007 9.7750000000000004 644.50000000000011 1.0000000180025095e-35
decision_type=2 2 2 2 2 2 2 2 2 2 2 2 2 2 2
left_child=1 6 4 -4 5 -2 -1 8 9 -8 -9 -7 -6 14 -14
right_child=2 -3 3 -5 12 11 7 10 -10 -11 -12 -13 13 -15 -16
leaf_value=-0.037212561672085837 0.020417186711698093 -0.044906398873088164 -0.0063537347384350733 0.042646000151645214 0.013564194985379179 -0.033763388114931063 -0.021514621348435958 -0.0069610907659991769 -0.024759677983376718 0.0043514811141466868 0.046870329086987593 0.003197152612083606 -0.0137062870224707 -0.0043782573439762234 0.0049935813083603038
leaf_weight=3.1977405035868278 2.4756559692323199 15.192941057495771 3.0290082953870288 9.7746028923429531 11.191496240906416 9.4923758981749398 7.6294327871873966 2.1980542484670869 14.923123215325175 31.861992131918669 2.4786198101937771 2.618606772273778 9.0611534845083934 119.42694673035294 84.327682072296739
leaf_count=109 40 1087 55 600 295 351 293 49 452 930 112 48 160 2921 1403
internal_value=-0.00327848 -0.0148739 0.000332194 0.0313707 -0.00143568 -0.0175164 -0.00705784 -0.00493656 -0.0077761 -0.000983322 0.0243172 -0.0260774 -0.000328183 -0.00110826 0.00307517
internal_weight=328.879 77.4819 251.398 12.8036 238.594 14.5866 62.289 59.0912 54.4145 39.4914 4.67667 12.111 224.007 212.816 93.3888
internal_count=8905 3032 5873 655 5218 439 1945 1836 1675 1223 161 399 4779 4484 1563
is_linear=0
shrinkage=0.115064


Tree=22
num_leaves=16
num_cat=0
split_feature=1 2 0 1 2 0 0 4 1 2 4 4 2 4 4
split_gain=0.790918 1.1974 0.855641 0.644268 0.694883 0.364836 1.44967 0.25917 0.370481 0.388022 0.471105 0.280866 0.254025 0.417527 0.316835
threshold=0.11950000000000001 708.50000000000011 2.5000000000000004 0.24450000000000002 718.50000000000011 1.0000000180025095e-35 1.5000000000000002 12.395000000000001 0.25550000000000006 744.50000000000011 11.755000000000001 14.465000000000002 572.50000000000011 15.975000000000003 11.495000000000003
decision_type=2 2 2 2 2 2 2 2 2 2 2 2 2 2 2
left_child=1 12 5 4 -4 7 -7 8 9 10 -2 -9 -1 14 -14
right_child=2 -3 3 -5 -6 6 -8 11 -10 -11 -12 -13 13 -15 -16
leaf_value=0.010637329994896321 0.0011240445604834652 -0.0432161752253594 0.028184613530747256 0.049014667326074401 -0.016384460236973906 -0.047381811627370117 -0.00022710443381384176 0.0094948548085452226 0.0045530921193765155 -0.038686124929490452 -0.027543808089170573 -0.0025925562331685454 -0.022040642419268782 -0.037979878285611994 -0.00011682085352774068
leaf_weight=9.4423974892124516 26.573404595255852 13.435416792519389 9.2620335896499508 6.6282881656661621 7.8261847477406254 10.226638814434407 39.468215580098331 58.012111129239202 32.38234037719667 5.2674002423882476 9.7657667053863388 44.349741698242724 10.719196058809755 5.1357993884012094 35.810640946961939
leaf_count=189 713 1087 383 361 161 360 829 1146 595 352 244 729 428 159 1169
internal_value=-0.0028323 -0.0131635 0.000284266 0.0206932 0.00795787 -0.00192442 -0.0105457 0.000542779 -0.0046163 -0.0117026 -0.00702013 0.00427893 -0.0060688 -0.00924109 -0.00546318
internal_weight=324.306 74.5435 249.762 23.7165 17.0882 226.046 49.6949 176.351 73.9889 41.6066 36.3392 102.362 61.108 51.6656 46.5298
internal_count=8905 3032 5873 905 544 4968 1189 3779 1904 1309 957 1875 1945 1756 1597
is_linear=0
shrinkage=0.115064


Tree=23
num_leaves=16
num_cat=0
split_feature=1 2 0 2 2 1 0 0 1 6 3 5 3 1 1
split_gain=0.588831 1.04066 0.717094 0.429601 0.252405 0.22622 0.285826 0.310349 0.173185 0.168968 0.223846 0.208288 0.191772 0.894418 0.182963
threshold=0.11950000000000001 701.50000000000011 3.5000000000000004 751.50000000000011 806.50000000000011 0.024500000000000004 3.5000000000000004 1.0000000180025095e-35 0.065500000000000017 4.5000000000000009 25.500000000000004 2.5000000000000004 5.5000000000000009 0.27550000000000008 0.18750000000000003
decision_type=2 2 2 2 2 2 2 2 2 2 2 2 2 2 2
left_child=1 5 4 -4 9 -1 7 -7 -8 10 12 -12 13 -2 -11
right_child=2 -3 3 -5 -6 6 8 -9 -10 14 11 -13 -14 -15 -16
leaf_value=-0.032740812984510884 -0.028058026024101269 -0.038991432287967247 0.0444991709974338 0.00036686305171176805 -0.028437534502701482 0.00019125305503851087 -0.0015015980032901434 -0.019630667987662435 0.041992190146776152 -0.023505973080470595 0.0032463895184887087 0.030774030335881979 -0.0012347732941757818 0.058838867356090035 -0.0035488124419661626
leaf_weight=2.7537950268015257 2.2258194666355839 13.89032212179154 6.6484805387444776 4.8163740392774343 3.6223206277936688 38.004822495393455 2.0004583075642577 13.595484882593153 2.051025390625 7.0729872919619075 10.025161997415124 5.099341948516666 177.18832306936383 2.5752937886863947 28.266420496627688
leaf_count=96 129 1199 560 95 171 1162 45 424 106 187 156 72 3955 48 500
internal_value=-0.00255285 -0.0116252 0.00012656 0.0272273 -0.00127971 -0.00466476 -0.00281795 -0.00525788 0.0238931 -0.000757537 0.0005666 0.0136382 -0.000576327 0.0203446 -0.00798781
internal_weight=319.836 72.2959 247.541 11.4649 236.076 58.4056 55.6518 51.6003 4.05148 232.453 197.114 15.1245 181.989 4.80111 35.3394
internal_count=8905 3032 5873 655 5218 1833 1737 1586 151 5047 4360 228 4132 177 687
is_linear=0
shrinkage=0.115064


Tree=24
num_leaves=16
num_cat=0
split_feature=0 1 3 3 1 3 1 3 1 0 0 4 1 3 1
split_gain=0.846096 0.669185 0.709767 0.653468 0.454202 0.568598 0.252231 0.253106 0.323233 0.23093 0.706613 0.283541 0.229851 0.186159 0.179253
threshold=2.5000000000000004 0.08950000000000001 7.5000000000000009 16.500000000000004 0.15850000000000003 10.500000000000002 0.45850000000000007 5.5000000000000009 0.32150000000000006 1.5000000000000002 1.0000000180025095e-35 10.745000000000003 0.41850000000000004 4.5000000000000009 0.15050000000000002
decision_type=2 2 2 2 2 2 2 2 2 2 2 2 2 2 2
left_child=4 3 -3 -2 5 -1 7 8 13 10 12 -11 -9 -6 -7
right_child=1 2 -4 -5 6 14 -8 9 -10 11 -12 -13 -14 -15 -16
leaf_value=-0.035787600776065437 -0.033369804614232085 -0.010016991199252473 0.033384058099302678 0.028849638210863771 -0.022027819735362546 -0.006716817953929837 0.017310502405053146 -0.002939382863826257 0.042907334960403332 0.026572975669347833 -0.039873075862801671 -0.00048723033162916755 -0.027856577001810531 0.017505604969559076 -0.026102416003207885
leaf_weight=10.811530436854808 5.8766154656186682 6.210124425590041 19.26062633190304 2.6085203373804688 2.347063520923256 76.255041432101279 7.6807630769908419 130.76585521735251 2.7364597208797932 5.6345666982233551 6.8333455147221676 24.718856358900666 4.2885162346065036 2.3258162727579474 6.237935326062142
leaf_count=1047 172 144 915 66 140 2541 103 2554 49 122 249 449 60 96 167
internal_value=-0.00327528 0.013671 0.02282 -0.0133814 -0.00535974 -0.0118825 -0.00207314 -0.00297714 0.0167686 -0.00390236 -0.00584776 0.00510569 -0.00389477 -0.00267652 -0.00842642
internal_weight=314.592 33.9559 25.4708 8.48514 280.636 93.3045 187.331 179.65 7.40934 172.241 141.888 30.3534 135.054 4.67288 82.493
internal_count=8874 1297 1059 238 7577 3755 3822 3719 285 3434 2863 571 2614 236 2708
is_linear=0
shrinkage=0.115064


Tree=25
num_leaves=16
num_cat=0
split_feature=0 1 2 1 2 1 2 0 1 1 3 2 1 3 1
split_gain=0.600835 0.550817 0.729892 0.508028 0.63193 0.330374 0.755764 0.227111 0.191156 0.171751 0.172171 0.371791 0.222702 0.218888 0.237965
threshold=2.5000000000000004 0.23450000000000001 649.50000000000011 0.056500000000000009 752.50000000000011 0.15850000000000003 725.50000000000011 3.5000000000000004 0.13350000000000004 0.45850000000000007 5.5000000000000009 754.50000000000011 0.23450000000000001 8.5000000000000018 0.16650000000000004
decision_type=2 2 2 2 2 2 2 2 2 2 2 2 2 2 2
left_child=5 2 -2 -4 7 6 -1 -5 -9 10 12 13 -7 -12 -15
right_child=1 -3 3 4 -6 9 -8 8 -10 -11 11 -13 -14 14 -16
leaf_value=-0.0066935231961120067 0.03636356980705778 0.041926118652679867 -0.045262211754174407 -0.0022576952169049464 -0.033359495723248783 -0.015668421187755348 -0.041882075196888545 0.0097387644795146368 0.047518409088516157 0.014112304978048523 0.019598329740366096 -0.027923821253819391 0.024413537863343653 0.017207777541843106 -0.0038846758169666408
leaf_weight=82.58237959863618 6.272435532417151 5.6427678470499805 2.8362420811317888 6.4503191569820064 4.2692877426743499 1.9189919065684069 8.2082992787472886 4.8767213458195329 2.5904459073208272 7.7917587682604781 5.1095911683514705 6.934440705459564 5.5987582569941878 6.6181320007890454 152.34374357573688
leaf_count=2727 313 370 76 110 116 144 1028 135 177 103 127 283 141 170 2854
internal_value=-0.00280992 0.011698 0.00440325 -0.00614453 0.0016537 -0.00456398 -0.010223 0.0136589 0.0262657 -0.00177346 -0.00252847 -0.00330152 0.013645 -0.00212649 -0.00292229
internal_weight=310.044 32.9382 27.2955 21.023 18.1868 277.106 90.7907 13.9175 7.46717 186.315 178.524 171.006 7.51775 164.071 158.962
internal_count=8874 1297 927 614 538 7577 3755 422 312 3822 3719 3434 285 3151 3024
is_linear=0
shrinkage=0.115064


Tree=26
num_leaves=16
num_cat=0
split_feature=0 1 2 1 1 3 1 2 0 1 2 2 1 2 6
split_gain=0.446716 0.442636 0.58806 0.429058 0.271925 0.586621 0.288948 0.240414 0.233471 0.20439 0.200343 0.180561 0.371195 0.179235 0.167587
threshold=2.5000000000000004 0.21350000000000002 752.50000000000011 0.054500000000000007 0.10750000000000001 16.500000000000004 0.039500000000000007 616.50000000000011 3.5000000000000004 0.11250000000000002 621.50000000000011 769.50000000000011 0.31750000000000006 695.50000000000011 1.5000000000000002
decision_type=2 2 2 2 2 2 2 2 2 2 2 2 2 2 2
left_child=4 2 3 -2 5 10 -7 -5 -9 -6 -1 -11 -13 -10 -8
right_child=1 -3 -4 7 9 6 14 8 13 11 -12 12 -14 -15 -16
leaf_value=0.01280556521031917 -0.022508307788562765 0.035193392667789709 -0.035343552251209394 0.047833951340358706 0.021569212756523768 0.025852062905641352 -0.019855087593401356 -0.0028703509858588961 0.044475420961220653 -0.0019713146138776029 -0.029217552452703174 -0.033380090942370821 0.008119921039777437 0.0087889154782689379 0.0015592424548983592
leaf_weight=1.174767162650826 3.5390343228355148 6.5710420524701467 3.6096984129399052 2.2460035583935705 3.8625604696571818 3.8776063779369023 6.4449039567261961 7.7178712533786875 2.7397644859738648 215.43794733099639 18.639561156276613 6.1825276301242393 4.3626599702984095 5.0327592832036316 14.151364855468271
leaf_count=36 90 438 123 140 153 126 189 130 224 4646 1509 451 84 152 383
internal_value=-0.00235577 0.0104606 0.00301087 0.0105937 -0.00385336 -0.0120258 2.2657e-05 0.0179049 0.0113681 -0.0022413 -0.0263142 -0.00272517 -0.0168671 0.0244262 -0.00564778
internal_weight=305.59 31.4562 24.8851 21.2754 274.134 44.2882 24.4739 17.7364 15.4904 229.846 19.8143 225.983 10.5452 7.77252 20.5963
internal_count=8874 1297 859 736 7577 2243 698 646 506 5334 1545 5181 535 376 572
is_linear=0
shrinkage=0.115064


Tree=27
num_leaves=16
num_cat=0
split_feature=2 1 0 0 1 3 5 2 5 0 0 1 2 1 6
split_gain=0.517517 1.05144 0.39175 0.296652 0.313187 0.275118 0.259939 0.407025 0.260466 0.235803 0.811988 0.387608 0.421323 0.280093 0.39378
threshold=712.50000000000011 0.16650000000000004 3.5000000000000004 3.5000000000000004 0.079500000000000015 28.500000000000004 3.5000000000000004 594.50000000000011 4.5000000000000009 1.0000000180025095e-35 1.5000000000000002 0.17950000000000002 633.50000000000011 0.070500000000000021 1.0000000180025095e-35
decision_type=2 2 2 2 2 2 2 2 2 2 2 2 2 2 2
left_child=3 -2 -3 5 -5 6 9 8 -8 13 -11 12 -12 14 -1
right_child=1 2 -4 4 -6 -7 7 -9 -10 10 11 -13 -14 -15 -16
leaf_value=0.02919217327648848 -0.034279457466893704 -0.0039009452503868457 0.032430796418044812 -0.0013510576035491698 0.042365432533178635 -0.019699656913325824 0.044415719689505966 0.003180539913725034 0.0082228907077218465 -0.043394935889383028 0.0081468707294990433 0.011635797144923458 -0.024405296183312039 0.0041733405060944738 -0.021130036260796237
leaf_weight=1.7330932258628298 16.017828880343586 39.914251102134585 3.5246869521215549 3.8359020799398413 4.0268426123075187 7.1838319851085535 5.4805023558437806 31.760401808656752 5.3070498630404472 6.0975622395053497 8.40898888371885 17.688380017876625 11.938958815298973 123.38926357962191 11.287068132776765
leaf_count=70 1531 1156 131 99 543 121 85 673 81 285 183 344 357 2614 483
internal_value=-0.000347739 -0.00987403 -0.000403966 0.00205658 0.0229333 0.0012645 0.0020096 0.0100083 0.0284577 8.76611e-05 -0.00714504 -0.000536751 -0.0111593 0.00245659 -0.0130926
internal_weight=297.595 59.4568 43.4389 238.138 7.86274 230.275 223.091 42.548 10.7876 180.543 44.1339 38.0363 20.3479 136.409 13.0202
internal_count=8756 2818 1287 5938 642 5296 5175 839 166 4336 1169 884 540 3167 553
is_linear=0
shrinkage=0.115064


Tree=28
num_leaves=16
num_cat=0
split_feature=4 2 1 0 4 4 2 3 4 1 1 1 1 3 4
split_gain=0.468761 0.656929 0.500207 0.474777 0.451736 0.352901 0.342982 0.464458 0.313225 0.453937 0.444451 0.431268 0.285046 0.283675 0.279892
threshold=14.005000000000001 637.50000000000011 0.16550000000000004 3.5000000000000004 11.645000000000001 11.755000000000001 639.50000000000011 10.500000000000002 12.785000000000002 0.085500000000000007 0.13750000000000004 0.30950000000000005 0.06950000000000002 18.500000000000004 15.105000000000002
decision_type=2 2 2 2 2 2 2 2 2 2 2 2 2 2 2
left_child=1 8 4 5 -3 -4 -2 14 11 -10 -11 -1 -9 -6 -8
right_child=6 2 3 -5 13 -7 7 12 9 10 -12 -13 -14 -15 -16
leaf_value=0.020350737942302181 0.001050998613927126 -0.028462483610605476 0.0018823529622165956 0.031902148033395861 -0.01015939247666846 -0.012316946024855712 -0.034000049829248633 -0.011590648635663293 0.031346926727224167 -0.036492113870849614 0.00050011212935892368 -0.01924892949859432 0.024939578907101235 0.027381796104787238 0.013414093066692896
leaf_weight=25.597962396685038 60.154889728408307 22.841631921473891 51.124999755993485 4.1746953735128036 24.327352584805343 41.282247566618025 2.961565611883997 2.6862340155057636 3.719009681139144 4.8346621897071627 17.819346324540675 3.5571732912212601 25.627373211784288 2.1850647269748142 2.3070789007470012
leaf_count=565 1230 1596 1306 286 1225 958 127 127 105 116 334 64 594 56 67
internal_value=-0.000382015 -0.0035072 -0.00755024 -0.00268321 -0.0168741 -0.00451389 0.00630679 0.0154706 0.00707352 -0.0020136 -0.00839842 0.0151229 0.021244 -0.0063331 -0.0142319
internal_weight=295.201 201.464 145.936 96.5819 49.354 92.4072 93.7371 33.5823 55.5282 26.373 22.654 29.1551 28.3136 26.5124 5.26864
internal_count=8756 6611 5427 2550 2877 2264 2145 915 1184 555 450 629 721 1281 194
is_linear=0
shrinkage=0.115064


Tree=29
num_leaves=16
num_cat=0
split_feature=1 2 1 4 3 5 5 1 4 2 1 4 1 4 4
split_gain=0.331704 0.736075 0.26417 0.258236 0.38739 0.369468 0.298897 0.231983 0.230928 0.226217 0.444639 0.397391 0.365286 0.27418 0.245234
threshold=0.23450000000000001 724.50000000000011 0.21550000000000002 13.615 28.500000000000004 1.5000000000000002 3.5000000000000004 0.29550000000000004 9.7250000000000032 690.50000000000011 0.099500000000000019 10.645000000000001 0.10450000000000001 12.225000000000003 12.345000000000001
decision_type=2 2 2 2 2 2 2 2 2 2 2 2 2 2 2
left_child=1 3 -3 6 5 -5 8 -2 -1 12 -11 -12 13 -10 -13
right_child=7 2 -4 4 -6 -7 -8 -9 9 10 11 14 -14 -15 -16
leaf_value=0.010074273487458341 0.010287789936904457 -0.028289304268052463 0.009137689070812919 0.016438396508871616 -0.031540085534003719 -0.00077835340392667885 0.010810519361551019 -0.00016322484819902844 -0.014703605476242783 -0.029633513983908545 -0.024464184473782371 0.036895448273877897 -0.019239040541790067 0.01384640561225451 -0.0018197017785917884
leaf_weight=8.0465810280293208 49.192567599704489 18.024817626457665 2.4807632565498343 27.272590912878513 2.9621211499907067 39.821316707646474 12.955242235679178 64.175439722137526 7.2036905493587282 3.3386697079986325 2.1146578746847799 5.8574295914731902 37.937883357517421 9.1851521437056345 3.0950292213819921
leaf_count=293 1098 1639 104 684 62 998 366 1208 310 267 96 218 984 313 116
internal_value=-0.000444815 -0.00350566 -0.0235833 -0.000821342 0.00438499 0.00633453 -0.00488886 0.00441319 -0.00762456 -0.0097914 0.00289776 0.0140853 -0.0131492 0.00119413 0.0244859
internal_weight=293.664 180.296 20.5056 159.79 70.056 67.0939 89.7343 113.368 76.7791 68.7325 14.4058 11.0671 54.3267 16.3888 8.95246
internal_count=8756 6450 1743 4707 1744 1682 2963 2306 2597 2304 697 430 1607 623 334
is_linear=0
shrinkage=0.115064


Tree=30
num_leaves=16
num_cat=0
split_feature=1 0 2 1 2 1 3 1 3 2 1 6 1 6 3
split_gain=0.356965 0.360784 0.426662 0.311363 0.310146 0.349544 0.269404 0.210637 0.204033 0.253786 0.431227 0.331412 0.190737 0.285121 0.173667
threshold=0.032500000000000008 3.5000000000000004 680.50000000000011 0.21350000000000002 751.50000000000011 0.08950000000000001 4.5000000000000009 0.33150000000000007 5.5000000000000009 684.50000000000011 0.099500000000000019 4.5000000000000009 0.056500000000000009 2.5000000000000004 17.500000000000004
decision_type=2 2 2 2 2 2 2 2 2 2 2 2 2 2 2
left_child=-1 6 -3 4 5 -4 7 -2 -8 12 -11 -12 13 -10 -14
right_child=1 2 3 -5 -6 -7 8 -9 9 10 11 -13 14 -15 -16
leaf_value=-0.027433879993459483 -0.041109091305615172 0.047092583982818369 -0.022598631037562621 0.036274814282989301 -0.032799047432866373 0.03007082405670003 0.020597416808451677 0.0066563170171678619 0.033165091096551066 -0.036382525345602337 -0.0016232048764115721 -0.024420952426762246 0.0035984912717249625 -0.010207097002865574 -0.0035146892597674884
leaf_weight=6.1046220543794325 3.1635837724898002 3.4779119375161818 2.0584222655743343 2.069239003583788 2.913775347173214 3.2694773548282683 4.6435753908008328 1.4676943756639955 4.5713470289483658 5.4667561042588195 60.754437904572114 9.008397665107621 80.443954274989665 2.6974757686257362 102.27490176074207
leaf_count=357 309 460 52 151 93 135 229 25 159 746 2020 248 1755 94 1928
internal_value=-0.00162294 -0.000999716 0.0166229 0.00362042 -0.00713058 0.00942068 -0.00193208 -0.0272531 -0.00141587 -0.00186391 -0.00748098 -0.00481783 0.00038299 0.0176693 -0.000380938
internal_weight=294.386 288.281 13.7888 10.3109 8.24167 5.3279 274.492 4.63128 269.861 265.217 75.2296 69.7628 189.988 7.26882 182.719
internal_count=8761 8404 891 431 280 187 7513 334 7179 6950 3014 2268 3936 253 3683
is_linear=0
shrinkage=0.115064


Tree=31
num_leaves=16
num_cat=0
split_feature=3 1 0 2 1 1 2 6 2 2 1 2 2 5 3
split_gain=0.299522 0.280451 0.432706 0.250232 0.360766 0.191817 0.175796 0.148766 0.254071 0.14071 0.248261 0.164256 0.252275 0.235096 0.132862
threshold=4.5000000000000009 0.032500000000000008 3.5000000000000004 680.50000000000011 0.13850000000000004 0.30950000000000005 650.50000000000011 4.5000000000000009 715.50000000000011 555.50000000000011 0.17450000000000002 638.50000000000011 600.50000000000011 4.5000000000000009 5.5000000000000009
decision_type=2 2 2 2 2 2 2 2 2 2 2 2 2 2 2
left_child=5 6 7 -4 -5 -1 -2 14 9 -9 -11 12 -12 -13 -3
right_child=1 2 3 4 -6 -7 -8 8 -10 10 11 13 -14 -15 -16
leaf_value=-0.035871859996314551 -0.0038635733313296863 0.01842710012858086 0.045235108067078929 -0.011414654186463381 0.033707020985072798 0.0059425365943276166 -0.042851095067801985 0.014667990064471222 -0.032305892614320715 -0.025966520541871565 0.0080507909135660236 -0.010756584973323498 -0.02634796229941699 0.018848366751460788 -0.00053202433419422912
leaf_weight=4.4577961631584904 3.1522888392209998 4.1768249860033384 3.0905993315391234 4.7429216303862614 3.3120404365472496 1.714295335114002 2.5277108864393085 3.8180952183902255 4.1056160363368681 6.1555642550811198 4.4620536044240016 5.2743988893926126 5.6575760459527373 7.93932737223804 227.44828754360788
leaf_count=364 112 209 460 148 237 32 229 57 167 200 66 105 95 140 6140
internal_value=-0.00140263 -0.000824531 -0.00027539 0.0211332 0.00854512 -0.024926 -0.0244452 -0.00122413 -0.0078734 -0.00415432 -0.0069239 -0.00118575 -0.0117165 0.0070935 -0.000126016
internal_weight=292.035 285.863 280.183 11.1456 8.05496 6.17209 5.68 269.038 37.4126 33.307 29.4889 23.3334 10.1196 13.2137 231.625
internal_count=8761 8365 8024 845 385 396 341 7179 830 663 606 406 161 245 6349
is_linear=0
shrinkage=0.115064


Tree=32
num_leaves=16
num_cat=0
split_feature=2 1 0 1 2 1 2 1 1 5 2 2 1 0 6
split_gain=0.270236 0.458075 0.272499 0.295081 0.155462 0.138232 0.275452 0.265113 0.173264 0.169692 0.153497 0.478005 0.449188 0.339103 0.147652
threshold=763.50000000000011 0.31550000000000006 3.5000000000000004 0.039500000000000007 723.50000000000011 0.083500000000000019 679.50000000000011 0.066500000000000017 0.032500000000000008 1.5000000000000002 734.50000000000011 730.50000000000011 0.16650000000000004 1.0000000180025095e-35 1.5000000000000002
decision_type=2 2 2 2 2 2 2 2 2 2 2 2 2 2 2
left_child=2 -2 5 -4 -5 6 7 8 -1 -9 11 -7 -12 14 -14
right_child=1 -3 3 4 -6 10 -8 9 -10 -11 12 -13 13 -15 -16
leaf_value=-0.01415798270275867 -0.028758907140310284 0.011312808261005905 -0.02214636199785092 0.034151581058393048 0.0012266263967370189 -0.00022510703130221161 -0.033041501517628913 -2.8344909389014225e-05 0.012611458297963596 -0.033997319979785424 -0.032285284544156495 -0.038243019246109407 0.046775596830932659 -0.0088190752950213364 0.01509000759411562
leaf_weight=3.6059134993702235 10.385231073014436 5.146257182583212 1.4655023179948319 6.1732917248737049 2.6923475577495992 219.22107813018374 4.262810999993234 3.3047928828746072 11.187693673186002 3.9197438890114427 1.9693382803816337 3.643880740273743 3.4810893936082703 3.850734492763876 5.8591742543503642
leaf_count=157 920 104 46 666 114 4754 637 110 370 135 284 124 83 105 152
internal_value=-0.00121155 -0.0155804 -0.000354767 0.0172635 0.0251076 -0.00109495 -0.00888076 -0.00317972 0.00568365 -0.0200526 -0.000207623 -0.000985324 0.0106863 0.0186231 0.0297344
internal_weight=290.169 15.5315 274.637 10.3311 8.86564 264.306 26.281 22.0181 14.7936 7.22454 238.025 222.865 15.1603 13.191 9.34026
internal_count=8761 1024 7737 826 780 6911 1409 772 527 245 5502 4878 624 340 235
is_linear=0
shrinkage=0.115064


Tree=33
num_leaves=16
num_cat=0
split_feature=0 3 1 3 6 1 4 0 0 3 5 4 3 4 1
split_gain=0.280107 0.399498 0.513289 0.306067 0.216898 0.222202 0.491656 0.210062 0.700853 0.246243 0.258466 0.190896 0.185426 0.170527 0.145955
threshold=2.5000000000000004 17.500000000000004 0.098500000000000018 5.5000000000000009 4.5000000000000009 0.075500000000000012 13.295000000000002 1.0000000180025095e-35 1.5000000000000002 15.500000000000002 1.5000000000000002 17.380000000000006 19.500000000000004 16.415000000000003 0.24450000000000002
decision_type=2 2 2 2 2 2 2 2 2 2 2 2 2 2 2
left_child=4 2 -2 -4 5 6 -1 11 -9 -10 -11 13 -6 -7 -5
right_child=1 -3 3 14 12 7 -8 8 9 10 -12 -13 -14 -15 -16
leaf_value=-0.030419546191952227 -0.021713980252765771 0.039502799329152793 -0.014761284612051206 0.014686588878142797 -0.015196814328060415 0.0030401246093801418 0.0048238753867237373 -0.036135691118042962 -0.0080999361374928941 -0.0061150554072937971 0.021679744785154664 -0.015324621603628685 0.0018882907857297113 0.020381681413933674 0.045605626245456436
leaf_weight=8.7373366903048026 6.4487195564433994 4.4280442066956303 3.174069992266598 11.454166431445627 23.678305130917579 151.89807103667408 11.174626712920142 7.3955874147359273 17.87624395173043 6.8804839886724976 10.274366443976758 6.3297830801457158 12.552208404988049 7.1177816311828783 2.1811109553091219
leaf_count=807 233 344 83 433 621 3957 457 407 610 122 173 108 202 115 204
internal_value=-3.63311e-05 0.0108003 0.00417081 0.014652 -0.00120324 0.00012497 -0.0112353 0.00125378 -0.00589584 0.00117213 0.0107625 0.00310847 -0.00936727 0.00391745 0.02195
internal_weight=291.601 27.6861 23.2581 16.8093 263.915 227.684 19.912 207.772 42.4267 35.0311 17.1549 165.346 36.2305 159.016 13.6353
internal_count=8876 1297 953 720 7579 6756 1264 5492 1312 905 295 4180 823 4072 637
is_linear=0
shrinkage=0.115064


Tree=34
num_leaves=16
num_cat=0
split_feature=2 2 4 1 4 2 1 5 4 4 1 2 1 1 2
split_gain=0.337595 0.219996 0.343998 0.304811 0.461446 0.239009 0.361027 0.193959 0.306856 0.44237 0.184816 0.169838 0.148171 0.138512 0.114566
threshold=820.50000000000011 520.50000000000011 17.125000000000004 0.07350000000000001 13.395000000000001 638.50000000000011 0.056500000000000009 4.5000000000000009 13.425000000000002 12.225000000000003 0.18250000000000002 588.50000000000011 0.26750000000000007 0.058500000000000003 568.50000000000011
decision_type=2 2 2 2 2 2 2 2 2 2 2 2 2 2 2
left_child=1 -1 3 4 -3 6 -6 14 9 12 -4 -10 -9 -7 -5
right_child=-2 2 10 7 5 13 -8 8 11 -11 -12 -13 -14 -15 -16
leaf_value=0.020176208151067687 -0.034623182029923837 -0.027163976142825605 -0.033109690927804372 0.013435122546015107 0.034287675235187672 -0.030315259259217384 -0.01361572935605527 -0.030993057917821452 -0.002104562765076957 0.033420888956913176 -0.0040179226032380421 -0.033722784545957951 0.0024160657404185106 0.0087906218361380722 0.0021871946954634086
leaf_weight=6.4013120637973762 2.8766696767415842 11.53794885473326 5.3511556927114707 11.926035167649387 4.5271951900795084 2.3448010345455264 2.826773386914283 2.4730060172732937 3.5607171152951178 3.5837194744963199 5.9264492332004011 5.8739472961751744 3.530090325162746 1.4481326914392409 215.6283102594316
leaf_count=108 201 922 140 225 131 152 82 102 60 75 102 135 72 86 6283
internal_value=-9.22088e-05 0.00035215 -0.000157972 0.000692894 -0.0118304 0.00481847 0.0163577 0.00188061 -0.00904287 0.00534495 -0.0191366 -0.0229176 -0.013427 -0.0164808 0.00282305
internal_weight=289.816 286.94 280.538 269.261 22.6849 11.1469 7.35397 246.576 19.0215 9.58682 11.2776 9.43466 6.0031 3.79293 227.554
internal_count=8876 8675 8567 8325 1373 451 213 6952 444 249 242 195 174 238 6508
is_linear=0
shrinkage=0.115064


Tree=35
num_leaves=16
num_cat=0
split_feature=2 0 1 3 1 3 2 4 1 4 6 1 0 0 0
split_gain=0.267885 0.352498 0.426095 0.360245 0.21015 0.189428 0.165341 0.208849 0.183187 0.358224 0.204764 0.2032 0.158365 0.145767 0.571749
threshold=820.50000000000011 2.5000000000000004 0.21750000000000003 17.500000000000004 0.083500000000000019 10.500000000000002 520.50000000000011 17.125000000000004 0.07350000000000001 13.295000000000002 2.5000000000000004 0.056500000000000009 3.5000000000000004 1.0000000180025095e-35 1.5000000000000002
decision_type=2 2 2 2 2 2 2 2 2 2 2 2 2 2 2
left_child=1 6 3 4 -3 -6 -1 8 9 -8 11 -11 -7 -10 -15
right_child=-2 2 -4 -5 5 12 7 -9 13 10 -12 -13 -14 14 -16
leaf_value=0.016002163301392432 -0.031793899085613815 -0.021671296182338866 0.042748336008905985 0.034632640258302094 -0.010590102482886577 0.0029078912492066108 -0.029586481484365507 -0.016930017920174074 0.0014611961329067597 0.027635133981986918 -0.019038706039514425 -0.0094567457912299088 0.034730837413480341 -0.034261992164536167 1.8541192581568925e-05
leaf_weight=6.4532966632395974 2.6894273133948436 4.3307284666225412 4.2854712646221733 3.6484964580740771 5.2358831795863798 5.3472600812092406 7.4976592012681094 10.413276508450506 181.99719737144187 4.0840886945370567 3.0695698554627597 2.704911031993106 2.7385985697619617 6.9358460551593444 37.906526261940598
leaf_count=92 201 170 413 223 168 83 776 215 4520 168 140 107 208 417 975
internal_value=-0.000215327 0.000171258 0.0128405 0.0054551 -0.00185131 0.00547916 -0.00110694 -0.00159082 -0.000881959 -0.0119953 0.00263368 0.0134329 0.0159017 8.70424e-06 -0.00580635
internal_weight=289.338 286.649 25.5864 21.301 17.6525 13.3217 261.062 254.609 244.196 17.3562 9.85857 6.789 8.08586 226.84 44.8424
internal_count=8876 8675 1265 852 629 459 7410 7318 7103 1191 415 275 291 5912 1392
is_linear=0
shrinkage=0.115064


Tree=36
num_leaves=16
num_cat=0
split_feature=2 0 1 2 1 2 6 2 6 1 1 1 3 2 1
split_gain=0.285889 0.243585 0.284604 0.290236 0.175065 0.169836 0.141 0.152483 0.173259 0.276159 0.390177 0.34979 0.279374 0.272012 0.303241
threshold=818.50000000000011 3.5000000000000004 0.13750000000000004 721.50000000000011 0.039500000000000007 526.50000000000011 6.5000000000000009 658.50000000000011 1.5000000000000002 0.21750000000000003 0.16550000000000004 0.13450000000000004 12.500000000000002 728.50000000000011 0.066500000000000017
decision_type=2 2 2 2 2 2 2 2 2 2 2 2 2 2 2
left_child=1 5 3 4 -3 -1 7 -7 9 10 11 13 -11 14 -9
right_child=-2 2 -4 -5 -6 6 -8 8 -10 12 -12 -13 -14 -15 -16
leaf_value=0.014355419267944805 -0.034133495577851988 -0.01453379304038885 0.035922897905462742 -0.030294380127779297 0.027208203176833212 -0.0048805157108469596 0.01314585476539896 -0.014953956845243876 -0.0020713705234735123 0.0065993719695770781 0.034370032006417736 -0.02433533550992055 -0.023660655427191674 -0.025141417328435108 0.036016348473143757
leaf_weight=8.15433839894831 2.5663139754906288 1.3196431482210735 4.3397844315040857 1.9665053274948148 3.4261506168404594 134.09417549613863 7.3599526502657673 1.5543392363470063 87.479366374434903 11.457007081247868 8.0830279667861742 3.6077797387260944 5.2191030783578745 1.137478297576308 5.2728943908587098
leaf_count=118 207 40 565 96 218 2749 150 157 3216 247 250 194 108 304 273
internal_value=-0.000917553 -0.000520158 0.0156151 -7.47374e-06 0.0151681 -0.00121734 -0.00173903 -0.00220433 0.000707229 0.00729509 0.0162598 0.00216619 -0.00353937 0.015327 0.0240512
internal_weight=287.038 284.472 11.0521 6.7123 4.74579 273.419 265.265 257.905 123.811 36.3316 19.6555 11.5725 16.6761 7.96471 6.82723
internal_count=8892 8685 919 354 258 7766 7648 7498 4749 1533 1178 928 355 734 430
is_linear=0
shrinkage=0.115064


Tree=37
num_leaves=16
num_cat=0
split_feature=3 0 1 2 2 0 0 1 3 4 4 2 3 4 2
split_gain=0.235199 0.151046 0.190075 0.241291 0.207191 0.130307 0.716947 0.276304 0.283016 0.346434 0.372093 0.261907 0.228775 0.214157 0.19451
threshold=2.5000000000000004 3.5000000000000004 0.13750000000000004 684.50000000000011 777.50000000000011 1.0000000180025095e-35 1.5000000000000002 0.18750000000000003 11.500000000000002 12.315000000000003 13.945000000000002 588.50000000000011 16.500000000000004 15.035000000000002 630.50000000000011
decision_type=2 2 2 2 2 2 2 2 2 2 2 2 2 2 2
left_child=-1 5 3 -3 -4 14 -7 8 -8 12 -11 -9 -10 -12 -2
right_child=1 2 4 -5 -6 6 7 11 9 10 13 -13 -14 -15 -16
leaf_value=-0.02976141722010581 -0.004175827426037163 0.024384931961560163 0.044777000843846892 -0.01620280940552668 -0.0050387993728303604 -0.03688284007524141 -0.033929152133210037 0.03222913650779393 0.033002534315662323 -0.030721674425980512 0.022851326094295289 0.0021733467997282212 -0.0077065611832503279 -0.0099276234485342774 0.0031308448524481787
leaf_weight=2.8441746665630481 75.295221822336316 2.3672233090037462 2.6653749411925673 4.1185949179343879 1.3940487075597046 7.5474567682249463 4.2188739553093937 3.6586742196232107 3.8423294590320465 7.122833012603226 3.4450916144996864 27.758996190037578 2.5753912543877959 6.1229206824209541 130.88874908757862
leaf_count=248 1344 189 531 162 28 530 331 59 156 204 78 582 63 138 4249
internal_value=-0.000812301 -0.00043581 0.0125609 -0.000309792 0.0297065 -0.000975165 -0.00537905 -0.000877203 -0.00919501 -0.00366642 -0.0123069 0.00640782 0.0176484 0.00275115 0.000456558
internal_weight=285.866 283.022 10.5452 6.48582 4.05942 272.477 66.2926 58.7451 27.3274 23.1086 16.6908 31.4177 6.41772 9.56801 206.184
internal_count=8892 8644 910 351 559 7734 2141 1611 970 639 420 641 219 216 5593
is_linear=0
shrinkage=0.115064


Tree=38
num_leaves=16
num_cat=0
split_feature=2 2 4 5 1 1 2 1 1 4 4 1 3 3 5
split_gain=0.209892 0.117966 0.115309 0.127271 0.232163 0.18529 0.115022 0.110328 0.109571 0.149501 0.13839 0.0764501 0.680258 0.150901 0.218177
threshold=818.50000000000011 520.50000000000011 16.165000000000003 4.5000000000000009 0.25550000000000006 0.19350000000000003 676.50000000000011 0.30150000000000005 0.13350000000000004 16.955000000000002 17.035000000000004 0.048500000000000008 17.500000000000004 16.500000000000004 1.5000000000000002
decision_type=2 2 2 2 2 2 2 2 2 2 2 2 2 2 2
left_child=1 -1 3 11 5 -5 -6 8 9 -4 -10 12 -3 -13 -15
right_child=-2 2 7 4 6 -7 -8 -9 10 -11 -12 13 -14 14 -16
leaf_value=0.013647725755805263 -0.030284902958736423 -0.037910469995689262 0.0028171350336557502 0.009740363827633854 0.028053245577006145 -0.021318564677203857 0.003767873476455201 -0.02346301058163253 -0.0080512942871920987 -0.028635997400168485 0.015775487540131104 0.0020115768338948145 0.02223046630463358 -0.01125560548462446 0.00036887150075069536
leaf_weight=6.8642458628164595 2.3250960407312951 4.6293533062562329 3.4088113824836972 4.6449580908520165 6.5223110237857309 4.0051401687087491 4.4282553066732362 4.3247320688096798 6.366487402468918 3.5966363430488855 5.0681139230728149 134.74709730769973 3.8457983201369643 33.66851910261903 56.085428412654437
leaf_count=104 207 502 110 180 105 100 92 74 124 107 97 4914 130 805 1241
internal_value=-0.000743379 -0.000412505 -0.000802709 -8.39044e-05 0.00862679 -0.00524397 0.0191837 -0.00849632 -0.00413254 -0.0146456 0.00285997 -0.000844577 -0.0110686 -0.000419536 -0.00405444
internal_weight=284.531 282.206 275.342 252.577 19.6007 8.6501 10.9506 22.7648 18.44 7.00545 11.4346 232.976 8.47515 224.501 89.7539
internal_count=8892 8685 8581 8069 477 280 197 512 438 217 221 7592 632 6960 2046
is_linear=0
shrinkage=0.115064


Tree=39
num_leaves=16
num_cat=0
split_feature=2 1 0 4 2 2 1 1 0 4 4 2 2 2 5
split_gain=0.293995 0.275432 0.242701 0.222578 0.279557 0.207117 0.618756 0.330783 0.322636 0.364004 0.379997 0.266548 0.259026 0.251294 0.233757
threshold=650.50000000000011 0.037500000000000006 3.5000000000000004 16.495000000000001 616.50000000000011 678.50000000000011 0.10250000000000001 0.10150000000000002 1.0000000180025095e-35 9.6350000000000033 11.275 748.50000000000011 691.50000000000011 680.50000000000011 4.5000000000000009
decision_type=2 2 2 2 2 2 2 2 2 2 2 2 2 2 2
left_child=3 -2 5 -1 -5 6 -3 13 9 11 12 -9 -11 -7 -8
right_child=1 2 -4 4 -6 7 14 8 -10 10 -12 -13 -14 -15 -16
leaf_value=0.0056387282455210045 -0.036841120916584161 0.022064205504772776 0.014178160837600942 -0.00037622368865537016 -0.033738160143144222 0.026329636230005917 -0.01808608754679477 0.00011741277007365889 -0.010717133728809478 -0.0062534279677766789 0.0019714980549074231 -0.035845185356365314 0.028389162035148682 -0.03465001251829869 0.0088942470491640228
leaf_weight=118.74896567279939 2.3996284492313853 6.1140897842124096 9.5908070390578342 15.413203835487367 3.4227949136402449 0.44050218816846509 37.325612714514136 7.2195871258154494 22.168648880789988 3.1738496031612184 35.330426247324795 3.5572150517255068 14.811101169441825 4.8422052898677066 4.287568454630672
leaf_count=2617 313 272 595 299 93 24 819 201 799 80 1053 228 528 880 76
internal_value=-4.52314e-05 -0.00353715 -0.00280039 0.00379199 -0.00759883 -0.00404614 -0.0101218 -0.000816485 0.0010062 0.00514573 0.00905346 -0.0134564 0.0222696 -0.026698 -0.0151874
internal_weight=288.846 151.261 148.862 137.585 18.836 139.271 47.7273 91.5435 86.2608 64.0922 53.3154 10.7768 17.985 5.28271 41.6132
internal_count=8877 5868 5555 3009 392 4960 1167 3793 2889 2090 1661 429 608 904 895
is_linear=0
shrinkage=0.115064


Tree=40
num_leaves=16
num_cat=0
split_feature=2 1 2 6 2 2 2 4 5 4 1 4 2 2 1
split_gain=0.20491 0.233775 0.207813 0.148153 0.166035 0.130358 0.124711 0.12702 0.325078 0.22738 0.225619 0.347697 0.192203 0.182712 0.183372
threshold=650.50000000000011 0.037500000000000006 648.50000000000011 1.0000000180025095e-35 594.50000000000011 652.50000000000011 820.50000000000011 11.965000000000002 4.5000000000000009 11.815000000000003 0.28750000000000003 13.875000000000002 734.50000000000011 745.50000000000011 0.21550000000000002
decision_type=2 2 2 2 2 2 2 2 2 2 2 2 2 2 2
left_child=2 -2 3 4 -1 -3 7 8 9 -7 11 13 -12 -9 -15
right_child=1 5 -4 -5 -6 6 -8 10 -10 -11 12 -13 -14 14 -16
leaf_value=-0.02836807821691038 -0.034892889217349961 -0.022803987954449271 0.025635207394688643 0.0032211685721931448 0.00072441907240869668 -0.0018766212675593813 -0.026159978162650133 -0.010984348135142973 0.027631553420513516 0.027609383541152378 -0.020377700724096105 0.011095535232227078 0.0077016190191916542 -0.010208782536833785 0.037999069031606221
leaf_weight=3.4807937559671682 2.1850332242902359 3.2375641132239243 4.3553226296789935 124.06063857109984 6.4474889551056549 64.264971723081544 1.9251034794142459 28.69086757092737 5.179518347256816 2.8330327371368176 15.837400144780988 19.383488913881592 3.5392002793960264 1.4609019765630358 1.3871397497132418
leaf_count=73 313 85 102 2678 156 2673 165 1110 134 127 319 639 76 179 48
internal_value=-0.000179319 -0.00311802 0.00300497 0.00211714 -0.0108679 -0.0024571 -0.00187449 -0.00139811 0.00197968 -0.000311739 -0.00485366 -0.000759241 -0.0151439 -0.00814209 0.0165296
internal_weight=288.268 149.924 138.344 133.989 9.92828 147.739 144.502 142.577 72.2775 67.098 70.299 50.9224 19.3766 31.5389 2.84804
internal_count=8877 5868 3009 2907 229 5555 5470 5305 2934 2800 2371 1976 395 1337 227
is_linear=0
shrinkage=0.115064


Tree=41
num_leaves=16
num_cat=0
split_feature=2 2 1 0 0 1 0 1 2 1 3 2 4 4 2
split_gain=0.155952 0.180646 0.175236 0.202063 0.21973 0.384065 0.34355 0.238225 0.216421 0.190681 0.293253 0.280085 0.220995 0.344806 0.301131
threshold=637.50000000000011 634.50000000000011 0.061500000000000006 3.5000000000000004 1.0000000180025095e-35 0.17450000000000002 1.5000000000000002 0.25350000000000006 685.50000000000011 0.11550000000000002 12.500000000000002 680.50000000000011 9.6350000000000033 11.275 685.50000000000011
decision_type=2 2 2 2 2 2 2 2 2 2 2 2 2 2 2
left_child=1 -1 -2 4 9 -6 -7 8 -8 10 -4 -11 -13 -14 -15
right_child=2 -3 3 -5 5 6 7 -9 -10 11 -12 12 13 14 -16
leaf_value=0.0018807009136794703 -0.019695939600349838 0.021224948306879949 -0.011995915648001959 0.014425421508858817 -0.025986172027943254 -0.034001590576811444 0.030783334169076495 -0.0073541600030653095 -0.000483252282231365 -0.0085595197040531749 0.024121391730808132 -0.011615259429985338 0.01914480082033845 0.029080194948547352 -0.0045186823382344686
leaf_weight=110.45343560283072 6.6236548386514178 5.979196876869536 3.7653366106096646 8.9558941024006327 12.459030388970858 2.9970679448451873 4.999755132012071 12.775178757496176 5.8501915684901178 44.602505372837186 8.5088700568303448 9.9885759109165502 17.50661965389736 3.1779168471693984 29.24106654105708
leaf_count=2310 787 128 474 631 679 182 102 266 167 900 388 397 538 64 864
internal_value=-0.000221266 0.0030163 -0.0024238 -0.00163518 -0.00262899 -0.0100003 -0.00196331 0.00311024 0.0150808 -0.000109565 0.0129841 -0.00173681 0.00338951 0.00653139 -0.000585781
internal_weight=287.884 116.433 171.452 164.828 155.872 39.0812 26.6222 23.6251 10.8499 116.791 12.2742 104.517 59.9142 49.9256 32.419
internal_count=8877 2438 6439 5652 5021 1396 717 535 269 3625 862 2763 1863 1466 928
is_linear=0
shrinkage=0.115064


end of trees

feature_importances:
debt_to_income_ratio=194
credit_score=187
employment_status=95
interest_rate=63
grade_subgrade=45
delinquency_history=17
num_of_delinquencies=14

parameters:
[boosting: gbdt]
[objective: custom]
[metric: custom]
[tree_learner: serial]
[device_type: cpu]
[data_sample_strategy: bagging]
[data: ]
[valid: ]
[num_iterations: 3000]
[learning_rate: 0.115064]
[num_leaves: 16]
[num_threads: 0]
[seed: 0]
[deterministic: 0]
[force_col_wise: 0]
[force_row_wise: 0]
[histogram_pool_size: -1]
[max_depth: -1]
[min_data_in_leaf: 72]
[min_sum_hessian_in_leaf: 0.001]
[bagging_fraction: 0.629618]
[pos_bagging_fraction: 1]
[neg_bagging_fraction: 1]
[bagging_freq: 3]
[bagging_seed: 3]
[bagging_by_query: 0]
[feature_fraction: 0.908508]
[feature_fraction_bynode: 1]
[feature_fraction_seed: 2]
[extra_trees: 0]
[extra_seed: 6]
[early_stopping_round: 0]
[early_stopping_min_delta: 0]
[first_metric_only: 0]
[max_delta_step: 0]
[lambda_l1: 0]
[lambda_l2: 0.824193]
[linear_lambda: 0]
[min_gain_to_split: 0]
[drop_rate: 0.1]
[max_drop: 50]
[skip_drop: 0.5]
[xgboost_dart_mode: 0]
[uniform_drop: 0]
[drop_seed: 4]
[top_rate: 0.2]
[other_rate: 0.1]
[min_data_per_group: 100]
[max_cat_threshold: 32]
[cat_l2: 10]
[cat_smooth: 10]
[max_cat_to_onehot: 4]
[top_k: 20]
[monotone_constraints: ]
[monotone_constraints_method: basic]
[monotone_penalty: 0]
[feature_contri: ]
[forcedsplits_filename: ]
[refit_decay_rate: 0.9]
[cegb_tradeoff: 1]
[cegb_penalty_split: 0]
[cegb_penalty_feature_lazy: ]
[cegb_penalty_feature_coupled: ]
[path_smooth: 0]
[interaction_constraints: ]
[verbosity: -1]
[saved_feature_importance_type: 0]
[use_quantized_grad: 0]
[num_grad_quant_bins: 4]
[quant_train_renew_leaf: 0]
[stochastic_rounding: 1]
[linear_tree: 0]
[max_bin: 255]
[max_bin_by_feature: ]
[min_data_in_bin: 3]
[bin_construct_sample_cnt: 200000]
[data_random_seed: 1]
[is_enable_sparse: 1]
[enable_bundle: 1]
[use_missing: 1]
[zero_as_missing: 0]
[feature_pre_filter: 1]
[pre_partition: 0]
[two_round: 0]
[header: 0]
[label_column: ]
[weight_column: ]
[group_column: ]
[ignore_column: ]
[categorical_feature: ]
[forcedbins_filename: ]
[precise_float_parser: 0]
[parser_config_file: ]
[objective_seed: 5]
[num_class: 1]
[is_unbalance: 0]
[scale_pos_weight: 1]
[sigmoid: 1]
[boost_from_average: 1]
[reg_sqrt: 0]
[alpha: 0.9]
[fair_c: 1]
[poisson_max_delta_step: 0.7]
[tweedie_variance_power: 1.5]
[lambdarank_truncation_level: 30]
[lambdarank_norm: 1]
[label_gain: ]
[lambdarank_position_bias_regularization: 0]
[eval_at: ]
[multi_error_top_k: 1]
[auc_mu_weights: ]
[num_machines: 1]
[local_listen_port: 12400]
[time_out: 120]
[machine_list_filename: ]
[machines: ]
[gpu_platform_id: -1]
[gpu_device_id: -1]
[gpu_use_dp: 0]
[num_gpu: 1]

end of parameters

pandas_categorical:[]
